fx: 525.0
fy: 525.0
cx: 320.0
cy: 240.0
